39.47989015
53.64769484
58.26360267
72.0633942
87.68139134
87.68139134
100.7112632
114.1727233
125.7527036
132.6451789
136.017463
141.5196107
144.9869565
150.076769
154.4732728
158.5264313
163.0990199
166.3317197
167.0900073
169.7019982
172.9665858
175.9466902
178.7904191
181.2489877
182.0822818
184.3916396
186.6338124
189.0217866
191.0905821
193.2315764
195.4731475
197.6385089
199.7449079
201.705305
203.6306054
205.4972444
205.8266513
207.7363086
208.8164824
210.0282184
212.2038079
212.4523923
214.5506689
216.2114411
216.3756933
217.8639907
219.3753515
220.7444206
221.6000763
222.7561591
224.3953719
225.8908891
227.1052323
227.6186457
228.7762326
230.0804231
231.547462
231.976443
233.1523804
234.4053298
235.7390015
236.8508625
237.8263481
238.8394371
239.7817313
240.6604505
241.384544
242.5343093
243.2183926
243.9656499
244.4529915
245.0053121
245.4758074
245.9390828
246.4286306
246.7896244
246.9568849
247.651798
247.651798
247.8423225
248.1752391
248.2534544
248.2650864
248.544255
248.535531
248.6034179
248.6345035
248.6746139
248.6702017
248.594393
248.2414213
247.8957697
247.6915073
247.1203349
246.5963924
246.0823773
245.8584609
245.3755313
244.41248
243.5409807
242.3371666
241.1378648
240.6972518
239.5128912
238.2258479
236.4509615
235.7395029
234.6616354
232.871106
232.1202388
230.6757621
229.1308088
224.7261826
224.0869227
221.8668106
221.4355233
218.982871
216.8413754
214.3902272
213.2069697
210.3205231
207.6689231
204.927175
202.4694086
199.8622309
196.0898453
192.4124212
188.9370533
185.5367922
184.146966
180.5069448
177.6207991
174.2196355
171.5318359
168.9362902
167.1024415
164.6934093
162.2908951
160.4116214
158.7089338
156.9671385
155.3805706
154.2145605
153.437421
152.1897862
151.1497229
150.4842909
149.9127174
149.2825826
148.7795978
148.2882451
147.8390083
147.4879418
147.2528947
147.0969654
147.1261458
147.1350703
147.3636998
147.4783153
147.6865887
148.0315384
148.572628
149.6519996
152.6175639
155.6085984
159.1807327
162.7548725
165.7189327
170.0180684
171.3377014
175.3035195
179.9353712
181.070396
185.5496276
190.5746618
195.1896671
199.5186851
203.7308815
207.9959234
211.7529667
216.1715312
221.1227622
225.8588008
231.9966987
237.4136118
240.313395
246.5631008
253.0366227
261.6202539
261.6202539
268.2523123
275.9408793
279.890553
288.2487635
295.525597
303.1010526
307.4464157
315.9851231
323.519265
365.3458156
