0.0014
0.0018
0.0032
0.0046
0.005
0.0056
0.007
0.0084
0.0096
0.0102
0.0114
0.0118
0.0132
0.0146
0.016
0.0172
0.0186
0.0198
0.0202
0.0214
0.0228
0.0242
0.0256
0.026
0.0274
0.0288
0.0302
0.0316
0.033
0.0342
0.0358
0.0372
0.0386
0.04
0.0412
0.0426
0.043
0.0444
0.045
0.0462
0.0466
0.048
0.0494
0.05
0.051
0.0522
0.0536
0.0552
0.0556
0.057
0.0582
0.0596
0.0602
0.0614
0.0628
0.0642
0.0648
0.0662
0.0676
0.069
0.0702
0.0716
0.0732
0.0746
0.0758
0.0772
0.0786
0.0796
0.081
0.0824
0.0828
0.0842
0.0848
0.0862
0.0876
0.089
0.09
0.0904
0.0908
0.092
0.0934
0.0938
0.0948
0.0962
0.0976
0.099
0.0992
0.1006
0.1012
0.1026
0.104
0.105
0.1062
0.1076
0.109
0.1096
0.111
0.1124
0.1138
0.1158
0.1172
0.118
0.1192
0.1208
0.1222
0.1236
0.124
0.1256
0.1262
0.1276
0.129
0.13
0.133
0.1332
0.1346
0.1352
0.1362
0.1378
0.1392
0.1398
0.1412
0.1426
0.144
0.145
0.1464
0.1478
0.1492
0.1508
0.1514
0.1528
0.1542
0.1558
0.1572
0.1586
0.1596
0.161
0.1624
0.1638
0.1652
0.1666
0.168
0.1694
0.17
0.1712
0.1726
0.174
0.175
0.1762
0.1776
0.179
0.1798
0.1812
0.1826
0.184
0.1854
0.1868
0.1882
0.1896
0.19
0.1912
0.1926
0.1932
0.1946
0.196
0.1974
0.1988
0.1998
0.2014
0.2018
0.2032
0.2046
0.205
0.2062
0.2076
0.209
0.2104
0.2118
0.2132
0.2146
0.2154
0.2168
0.218
0.2194
0.221
0.2212
0.2226
0.224
0.2254
0.2258
0.2266
0.228
0.2294
0.23
0.2314
0.2328
0.2342
0.235
0.2364
0.2378
0.2392
